2,3,350,414
3,1,414,478
4,5,350,286
5,1,286,254,10,318,670
6,1,350,414,1,670,158
7,1,542,574,1,286,126
8,1,510,574,1,670,286,2,318,62
9,1,446,446,1,510,318
10,1,286,670,1,222,478
11,1,254,158,1,286,670
13,5,510,606
14,2,250,254
15,1,222,542,2,190,158,2,574,446
16,13,734,670
17,8,286,382,12,478,478
18,1,254,414
20,2,606,478
21,4,446,382
22,13,478,638
23,14,286,478,6,414,222,7,510,638
24,1,350,414,2,190,222,5,670,158
25,11,94,222,1,286,478
26,9,478,414,10,318,190
27,1,350,382
28,1,254,190,2,222,542